036077
037077
039077
040077
043076
044075
045073
045075
046072
046073
046074
046075
047067
047073
047074
047075
048066
048067
048071
048072
048073
048079
049065
049066
049070
049071
049072
049079
050071
050072
051070
051071
051072
051077
052070
052071
052076
053070
053071
053072
053076
054072
054075
054076
055067
055071
055072
056067
056068
056071
056072
057071
057072
058074
058075
059063
059064
059073
059074
059075
060066
060073
060075
061059
062067
062072
062073
063057
063069
064057
065067
065068
066070
066073
067070
067073
068068
068070
069062
069063
069066
069067
069069
069070
069071
069073
069074
069075
070062
070063
070066
070071
070072
070073
070074
070075
070076
071063
071069
071071
072063
072070
072072
072073
072074
072075
073070
073071
073072
073073
074067
074068
074071
074072
074073
075065
075066
075067
075071
075072
075073
076065
076066
076069
076075
077062
077064
077065
078061
078062
078064
078075
078076
079060
079061
079074
080059
080060
080068
080073
080074
080075
080076
081058
081059
081068
081069
081070
081071
081072
081074
081075
081076
082054
082055
082056
082061
082068
082069
082070
082071
082074
082075
083053
083054
083055
083056
083067
083068
083069
083073
083074
083075
084051
084052
084053
084054
084055
084056
084057
084060
084067
084073
084074
085050
085052
085053
085054
085068
086052
086053
086054
086066
086067
087052
087056
087065
087066
087067
087068
088056
088063
088064
088065
088066
088067
089052
089053
089056
089063
089065
089066
090053
090055
090063
090064
090065
090066
091055
091056
091063
091064
091065
091066
091067
091068
092057
092059
092062
092063
092064
092066
092067
092068
093055
093056
093057
093062
093063
093064
093066
093067
093068
094055
094056
094061
094062
094063
094064
094066
094067
095054
095055
095061
095062
095063
095064
095065
095066
095067
096054
096055
096061
096062
096064
096065
096066
096067
097054
097055
097061
097062
097063
097064
097065
097066
098054
098055
098061
098062
098063
098064
098065
098066
098067
099054
099055
099061
099062
099063
099064
099065
099066
100047
100048
100049
100050
100051
100054
100055
100061
100062
100063
100064
100065
100066
101046
101047
101051
101055
101062
102054
103053
103054
104053
104054
106054
106055
107056
107057
107058
108058